1e-06
1e-06
2e-06
1e-06
1e-06
1e-06
1e-06
2e-06
1e-06
1e-06
1e-06
2e-06
2e-06
1e-06
1e-06
2e-06
3e-06
1e-06
2e-06
2e-06
3e-06
3e-06
3e-06
4e-06
3e-06
5e-06
4e-06
4e-06
5e-06
7e-06
4e-06
6e-06
6e-06
6e-06
7e-06
7e-06
7e-06
7e-06
7e-06
7e-06
8e-06
9e-06
1e-05
9e-06
8e-06
1e-05
1e-05
1.1e-05
1.1e-05
1.5e-05
1.1e-05
1.2e-05
1.2e-05
1.4e-05
1.3e-05
1.2e-05
1.4e-05
1.6e-05
2.1e-05
1.6e-05
1.5e-05
1.6e-05
1.6e-05
1.7e-05
2.2e-05
2e-05
1.8e-05
1.9e-05
1.9e-05
1.8e-05
2.2e-05
3e-05
2e-05
2.2e-05
4e-05
2.1e-05
2.2e-05
2.4e-05
2.4e-05
2.4e-05
2.4e-05
2.5e-05
2.5e-05
2.8e-05
2.6e-05
4.7e-05
2.7e-05
2.8e-05
3.4e-05
5e-05
2.9e-05
4.9e-05
3.2e-05
3.1e-05
3.2e-05
3.2e-05
3.4e-05
4.2e-05
3.4e-05
3.5e-05
3.4e-05
3.5e-05
3.6e-05
3.6e-05
3.6e-05
4e-05
3.7e-05
3.9e-05
3.9e-05
5.6e-05
4.5e-05
4.4e-05
4.3e-05
4.2e-05
4.4e-05
4.9e-05
4.4e-05
4.7e-05
5.6e-05
5e-05
5e-05
4.7e-05
4.9e-05
5.1e-05
5e-05
6.5e-05
5.3e-05
5.4e-05
5.4e-05
6.6e-05
5.6e-05
5.6e-05
0.000111
8.2e-05
5.7e-05
5.9e-05
6.9e-05
6.8e-05
6.5e-05
7.9e-05
0.000107
6.5e-05
7.5e-05
7.8e-05
6.8e-05
0.000266
6.6e-05
7.1e-05
0.000168
7.1e-05
7.2e-05
9.9e-05
7.6e-05
0.000112
9.3e-05
8.8e-05
0.00012
9.3e-05
8.6e-05
9.5e-05
8.5e-05
9.8e-05
0.000155
9.4e-05
8.6e-05
8.9e-05
0.000104
9.2e-05
0.000104
0.000108
0.000107
0.0001
0.000109
0.000104
0.000254
0.000115
0.000166
0.00012
0.000115
0.000119
0.000154
0.000106
0.000191
0.000123
0.000155
0.000128
0.000129
0.00013
0.000118
0.000199
0.000123
0.000137
0.000182
0.000141
0.000143
0.000134
0.000145
0.000154
0.000135
0.00015
0.000143
0.000146
0.000159
0.000159
0.000154
0.000158
0.00016
0.000175
0.000174
0.000158
0.000181
0.000157
0.000176
0.000189
0.000173
0.000186
0.000185
0.000168
0.000185
0.000192
0.000261
0.000207
0.00023
0.000208
0.000207
0.0002
0.000202
0.000197
0.000445
0.000214
0.000204
0.000225
0.000196
0.000195
0.000248
0.000235
0.000235
0.00044
0.000224
0.000236
0.000239
0.000233
0.000244
0.00022
0.000245
0.000249
0.000255
0.000323
0.000248
3e-06
4e-06
3e-06
3e-06
4e-06
4e-06
8e-06
4e-06
4e-06
4e-06
4e-06
4e-06
4e-06
3e-06
4e-06
3e-06
3e-06
3e-06
3e-06
3e-06
4e-06
4e-06
3e-06
3e-06
3e-06
4e-06
3e-06
3e-06
3e-06
3e-06
3e-06
3e-06
4e-06
2e-06
2e-06
2e-06
4e-06
2e-06
3e-06
3e-06
3e-06
2e-06
3e-06
3e-06
3e-06
3e-06
4e-06
3e-06
3e-06
3e-06
4e-06
4e-06
4e-06
3e-06
